001000030000000000000001386980000000000307107957260000000001157910005000000000024316
001000010000000000000000096780000000000272385306580000000006750000005000000000141750
001000010000000000000000096680000000000272385306580000000003900000005000000000081900
001000010000000000000000097480000000000272385306580000000009814200005000000000206098
001000080000000000000004206580000000000306851583410000000000291820005000000000006128
001000030000000000000001154780000000000201649533600000000000304440005000000000006393
001000010000000000000002865980000000000305930157490000000001357110005000000000028499
001000020000000000000000017580000000000307120301580000000001206250005000000000025331
001000010000000000000000024280000000000209359006550000000000335000005000000000007035
001000270000000000000003937880000000000336087242790000000000119860005000000000002517
001000040000000000000000121380000000000307097216700000000006199250005000000000130184
001000010000000000000002210080000000000307087397460000000002347960005000000000049307
001000010000000000000017014780000000000335414637690000000000287600005000000000006040
001000040000000000000008226480000000000305391703800000000000526860005000000000011064
001000010000000000000007273780000000000306847666900000000005745390005000000000120653
001000010000000000000000620980000000000202238851960000000000210000005000000000004410
001000040000000000000004251780000000000305889171570000000000130000005000000000002730
001000120000000000000005429080000000000307079837320000000000059930005000000000001259
001000080000000000000004585680000000000305173450390000000000130400005000000000002738
001010010000000000000018960180000000000305380688410000000001751820005000000000036788
001000030000000000000006407280000000000305954423690000000000138370005000000000002906
001000020000000000000008556780000000000305409183640000000000118080005000000000002480
001000010000000000000000097880000000000272385306580000000003150000005000000000066150
001000010000000000000000387780000000000273453358090000000004665000005000000000097965
001000010000000000000000984880000000000306973364510000000001356200005000000000028480
001000050000000000000000644780000000000200442588980000000000165280005000000000003471
001000020000000000000000019280000000000307120301580000000000234000005000000000004914
001000010000000000000004387380000000000307121350220000000000119580005000000000002511
001000010000000000000000240280000000000201059794530000000001420000005000000000029820
001000060000000000000000209980000000000307079883780000000001493390005000000000031361
001000050000000000000004062180000000000201125115210000000000627010005000000000013167
001000060000000000000001009480000000000306277182130000000000864000005000000000018144
001000020000000000000008560180000000000305409183640000000000070080005000000000001472
001000120000000000000005459280000000000307079837320000000000059800005000000000001256
001002870000000000000145239880000000000305748764740000000000018480005000000000000388
001000010000000000000004648780000000000305763038620000000000720000005000000000015120
001000020000000000000008561380000000000305409183640000000000041790005000000000000878
001002780000000000000141876180000000000305748764740000000000013850005000000000000291
001005490000000000000565231580000000000306634985130000000000009590005000000000000201
001000010000000000000000627580000000000202238851960000000000280000005000000000005880
001000070000000000000007082080000000000000000000000000000002167000005000000000045507
001000030000000000000006414580000000000305954423690000000000086800005000000000001823
001000010000000000000000098280000000000272385306580000000002990000005000000000062790
001000020000000000000008566980000000000305409183640000000000050480005000000000001060
001000090000000000000001415080000000000306141047120000000000238840004000000000002508
001000070000000000000007103380000000000000000000000000000000126150005000000000002649
001000040000000000000000323380000000000305954423690000000000141670005000000000002975
001026490000000000000010132580000000000306787744950000000000061280005000000000001287
001000010000000000000017198080000000000305346260680000000000169710005000000000003564
001000010000000000000010846380000000000336120870890000000000470120005000000000009873
001000030000000000000003188380000000000306124743340000000000528600005000000000011101
003000070000000000000000542480000000000000000000000000000000089300005000000000001875
001000050000000000000004092280000000000201125115210000000000190080005000000000003992
001000040000000000000000870080000000000200442588980000000000053520005000000000001124
001000120000000000000005501380000000000307079837320000000000059790005000000000001256
001000020000000000000000021380000000000307120301580000000000107340005000000000002254
001000020000000000000008574280000000000305409183640000000000107440005000000000002256
001000010000000000000004456980000000000307121350220000000000059790005000000000001256
001000010000000000000832822080000000000306634985130000000000009590005000000000000201
001000040000000000000000878380000000000200442588980000000000304200005000000000006388
001000010000000000001008745180000000000306634985130000000000009590005000000000000201
